257121003399419670695
113953023548979559988
854706088985930668737
495010390959681770892
653035202592105010522
695441449467237840249
855888434199297953786
177948468701626187469
657460675458279070762
702622926612523406304
212102368580563201811
513468116685429409588
423844577601795155618
792749777218863349912
691587439505381191896
300966203349727936374
933818629085089807603
130879603559460401811
745154567952943475409
172784118481040066477
664611442812327781679
867851164335264406117
534007351981710154903
927969755440719522937
190374349455406594973
560756525783690448461
205095704897234556678
834216242188003490808
613576910281169416768
504678638772347770205
538760666713731309221
419585783749272387868
602384573823741448819
884838766782261849289
216356251356778638288
627486807713003528219
921164980260085581513
893920667344563054557
560578560372462528154
641421512498877913989
760338053357328330162
688670270140879694257
452366561967445607627
841563253206898980148
843795358377070944912
687674818537619437306
336637947742769941328
801564175116154508246
691724546583465034312
202592596808413469621
209223468854683801559
399613720642893481356
786448049496191911511
749241255161042843682
465565156056434394891
152679220308371860454
206103245809480867317
701913848179628075216
143221835692374797143
825025418530334293102
220507631072618363831
105650528823259630699
245887264938516343529
924315319581450463251
986327366036563475107
399956214188448099782
295124323285410052510
269568902284333276920
782937059992854483988
154665648323619297839
636205614725855561442
536344678417484691440
150741048059912082054
833962630858600488095
312080624397489919099
629793875346961304657
718495109760923084112
919315526458542981804
801502053017608882988
300392827659546784931
771374428987789448598
627527447904846635457
393840194507601601139
672963091541794436932
614120316987479526590
826234712604306917021
156582332444214068741
491621834695245750765
429391255752346035852
950598698612030591682
171922413423072532909
607800801168898842985
812634875908063519302
593040263342852699510
626411376949574060838
649607620270845622261
476718326167192041776
399752074097130102204
996177968482139989294
603916583411140872524
335567640104978830224
680344725153099899924
680368596442886459006
565676301556341738893
565618075136325962378
662466490952503776827
500141208067629092651
624050296542871153291
251121995453726388259
152895978295764348183
631839404427343759851
883034896639810875650
907025465028900719807
667179683186469473050
214646779566830715534
872597108599675192110
178441639924745250791
393208257778339676544
292214537052171455497
138168127607491586939
127582895081217220415
221113993488944030293
805052087814357953956
153383630086416339569
860419057985135637719
286271310415109610718
946423282192248929187
159990757931710249905
252161146807301025946
826103995946036100421
795839995203597935515
539092629253515024718
779758509184534896817
266161750017553408250
721339466628775165713
560742160133355929397
945648113652550345101
437606670907922555736
251300337999113425580
990391063495348201480
108780727639510093964
618575440685332496634
402743132941098530912
826917023015060872680
903803035375434150783
700538790093103711506
441823083165758211117
202622134863024871583
767256164163048182386
999184314469846519272
538289864253629665373
940997252307061614472
264530892901561604005
503618376742133268272
408633759971327803538
584368986314516190675
249541128858973894553
932273184951935524435
179120067436446818705
866167082912296513452
664961161969086894791
355765467613501128360
897766818238834950569
121938775195249021066
208431357685959644088
317097042342785257468
883925982873711744568
527417265840315282738
605846144669424919851
831680754523948076749
949305838370856852269
544179168069738554268
529310231911566677901
466853783321702889202
967952090117558115389
116651955344116739827
381790305851735717265
844869054468924125578
377830825150312144631
599235966276305277401
721641370705159911708
835393925368256979216
130215239031535072553
905242629919621085358
253838563377902425763
144291026925557621005
462025458612346933989
846663268110834461033
318776017768391559144
298189910456797920831
748304142925961119007
980265324818944211409
108165345604683814717
257921328157681624932
291527493438378757221
823871079072151104698
852605876311106850110
343405269458304024685
564640964054853116312
762772439550464673886
